-667.038 1580.68 3944.53
-649.316 1543.22 4021
-17.7214 37.459 -76.4741

-528.774 1559.45 3943.18
-507.539 1525.56 3975
-21.2349 33.8832 -31.8199

-464.24 1558.34 3966.85
-507.539 1525.56 3975
43.299 32.7736 -8.1523

-809.865 1531.81 3945.77
-843.411 1525.56 3975
33.5463 6.24107 -29.2269

-754.156 1549.61 4020.39
-785.22 1543.22 4021
31.0639 6.3874 -0.611362

-687.242 1548.46 4044.93
-649.316 1543.22 4021
-37.9259 5.23687 23.929

-629.278 1566.59 4121.43
-588.16 1561.26 4068
-41.1178 5.32865 53.4341

-561.54 1565.42 4146.28
-532.055 1528.7 4167
-29.4852 36.724 -20.7231

-479.343 1526.12 4066.99
-445.461 1475.14 4021
-33.8817 50.9868 45.9911

446.118 1510.21 4406.4
413.295 1495.81 4492
32.8239 14.4002 -85.5987

-1152.96 1171.34 2924.72
-1145.8 1153.67 3006
-7.16223 17.6731 -81.2841

-1112.2 1182.22 2974.73
-1145.8 1153.67 3006
33.5978 28.5513 -31.2709

-1047.5 1169.53 2963.39
-1053.58 1164.03 3033
6.08129 5.4974 -69.606

-994.768 1168.62 2982.73
-1002.33 1164.03 3033
7.55728 4.59073 -50.267

-942.037 1167.72 3002.07
-959.223 1174.01 3059
17.186 -6.29459 -56.928

-880.027 1155.77 2991.87
-855.834 1174.01 3059
-24.1936 -18.2381 -67.1255

-836.575 1165.9 3040.75
-855.834 1174.01 3059
19.259 -8.10794 -18.25

-783.844 1165 3060.09
-804.139 1174.01 3059
20.2957 -9.01461 1.08906

-723.309 1153.08 3049.35
-746.049 1164.03 3033
22.7401 -10.9541 16.3505

-671.07 1152.18 3068.51
-707.164 1184.76 3087
36.0944 -32.5771 -18.4909

-857.517 1536.1 4153.01
-823.69 1547.41 4218
-33.8274 -11.3112 -64.9897

-788.066 1534.9 4178.48
-823.69 1547.41 4218
35.6241 -12.5053 -39.5186

-718.614 1533.71 4203.95
-752.409 1547.41 4218
33.795 -13.6995 -14.0474

-649.162 1532.51 4229.42
-681.128 1547.41 4218
31.9659 -14.8937 11.4238

-571.101 1511.87 4199.61
-532.055 1528.7 4167
-39.0468 -16.8247 32.6115

-440.807 1528.93 4305.84
-411.026 1531.98 4378
-29.7812 -3.04564 -72.1627

-377.456 1547.49 4388.57
-411.026 1531.98 4378
33.5698 15.5143 10.5746

-307.116 1546.28 4414.37
-341.353 1551.57 4434
34.2364 -5.2908 -19.6283

-241.255 1565.5 4500.15
-266.422 1551.57 4434
25.1668 13.928 66.1548

-166.436 1543.86 4465.97
-189.072 1531.98 4378
22.6357 11.886 87.9656

-98.7347 1563.05 4552.42
-121.239 1535.77 4612
22.504 27.2805 -59.5764

-27.4744 1561.82 4578.56
34.6397 1535.77 4612
-62.1141 26.0552 -33.4419

43.7857 1560.6 4604.69
34.6397 1535.77 4612
9.146 24.8299 -7.30744

114.924 1539.02 4569.15
111.09 1515.46 4551
3.83395 23.5681 18.1535

185.264 1537.81 4594.95
187.998 1515.46 4551
-2.73425 22.3587 43.9506

331.758 1576.35 4773
279.633 1518.36 4804
52.1253 57.9865 -31.0032

400.086 1554.47 4735.36
442.001 1518.36 4804
-41.9143 36.1096 -68.6352

481.117 1595.18 4892.59
530.59 1539.85 4872
-49.4727 55.33 20.5901

548.347 1572.62 4852.43
530.59 1539.85 4872
17.7567 32.7702 -19.5701

620.542 1571.38 4878.91
695.256 1539.85 4872
-74.7133 31.5289 6.90754

692.739 1570.14 4905.39
695.256 1539.85 4872
-2.51702 30.2875 33.3853

764.935 1568.9 4931.86
777.589 1539.85 4872
-12.6539 29.0462 59.8631

846.936 1588.89 5026.75
811.904 1521.68 5087
35.0324 67.2191 -60.247

948.226 1505.05 4815.26
916.339 1497.5 4738
31.8869 7.54444 77.2611

-1479.01 1165.41 2947.95
-1399.79 1153.67 3006
-79.2127 11.7384 -58.0513

-1424.15 1164.47 2968.07
-1399.79 1153.67 3006
-24.3558 10.7952 -37.9327

-1369.29 1163.52 2988.19
-1349 1153.67 3006
-20.2978 9.85198 -17.8141

-1300.06 1150.65 2976.38
-1298.2 1153.67 3006
-1.86708 -3.02655 -29.6183

-1259.58 1161.64 3028.42
-1247.4 1153.67 3006
-12.1818 7.96553 22.4232

-1204.72 1160.69 3048.54
-1207.35 1164.03 3033
2.62409 -3.34001 15.5418

-1149.87 1159.75 3068.66
-1104.84 1164.03 3033
-45.0296 -4.28323 35.6604

-1107.16 1170.7 3121.52
-1155.47 1163.67 3172
48.3092 7.03186 -50.4836

-1040.15 1157.86 3108.9
-1053.58 1164.03 3033
13.4292 -6.16969 75.8977

-974.254 1145.04 3095.87
-959.223 1174.01 3059
-15.0303 -28.9696 36.8717

-919.952 1144.11 3115.79
-915.835 1184.76 3087
-4.11632 -40.6493 28.7867

-875.581 1155.03 3169.25
-887.448 1163.67 3172
11.8674 -8.63815 -2.74645

-811.348 1142.24 3155.62
-833.844 1163.67 3172
22.4959 -21.4308 -16.3833

-765.867 1153.15 3209.49
-733.279 1174.31 3201
-32.5879 -21.1635 8.49088

-711.01 1152.21 3229.61
-733.279 1174.31 3201
22.2689 -22.1067 28.6095

-910.361 1541.01 4382.84
-928.919 1531.98 4378
18.5581 9.03302 4.83712

-824.728 1519.17 4349.42
-854.935 1531.98 4378
30.2066 -12.8102 -28.581

-764.034 1538.49 4436.5
-801.285 1495.81 4492
37.2515 42.6835 -55.4977

-690.87 1537.23 4463.33
-725.374 1495.81 4492
34.5042 41.4255 -28.6651

-608.14 1515.44 4428.85
-632.98 1531.98 4378
24.8408 -16.5343 50.8522

-535.943 1514.2 4455.33
-558.996 1531.98 4378
23.0522 -17.7756 77.3299

-479.135 1554.3 4606.87
-510.934 1535.77 4612
31.7992 18.5304 -5.12549

-398.215 1532.2 4570.67
-432.995 1535.77 4612
34.7804 -3.5657 -41.3347

-325.051 1530.94 4597.5
-355.056 1535.77 4612
30.0051 -4.8237 -14.5021

-256.693 1550.47 4688.45
-277.117 1535.77 4612
20.424 14.7057 76.4545

-174.963 1507.99 4587.72
-199.178 1535.77 4612
24.2147 -27.7752 -24.2816

-105.56 1527.17 4678
-121.239 1535.77 4612
15.6788 -8.59769 65.9956

-34.251 1546.65 4770.03
-43.8816 1556.41 4674
9.63063 -9.76465 96.0344

41.6253 1504.27 4667.15
34.6397 1535.77 4612
6.98557 -31.4992 55.1515

113.931 1523.4 4758.49
115.654 1497.5 4738
-1.72287 25.8946 20.4934

188.191 1542.82 4851.61
201.258 1539.85 4872
-13.0671 2.97007 -20.3856

260.259 1520.88 4812.16
279.633 1518.36 4804
-19.3738 2.51833 8.15861

336.486 1540.27 4906
365.924 1539.85 4872
-29.4384 0.42025 34.001

410.633 1539 4933.19
371.182 1478.3 4942
39.4515 60.6983 -8.80561

565.135 1557.72 5057.87
545.946 1499.54 5013
19.1895 58.1763 44.8694

790.623 1553.84 5140.57
811.904 1521.68 5087
-21.2803 32.1635 53.5665

865.785 1552.55 5168.13
897.87 1521.68 5087
-32.0846 30.8711 81.132

929.664 1530.08 5123.55
897.87 1521.68 5087
31.7942 8.40005 36.5475

991.897 1508.3 5080.48
983.836 1521.68 5087
8.06063 -13.3748 -6.51547

-1621.23 1166.99 3089.65
-1608.48 1195.51 3115
-12.7547 -28.5121 -25.3544

-1546.06 1153.65 3076.83
-1527.86 1174.01 3059
-18.1972 -20.3589 17.8268

-1505.74 1165.01 3132
-1463.59 1153.03 3143
-42.1508 11.973 -10.9994

-1431.78 1151.69 3118.74
-1410.48 1153.03 3143
-21.3021 -1.34528 -24.2604

-1390.25 1163.02 3174.36
-1410.48 1153.03 3143
20.2232 9.98726 31.3556

-1317.5 1149.72 3160.65
-1304.25 1153.03 3143
-13.2476 -3.31029 17.6524

-1260.35 1148.74 3181.61
-1251.13 1153.03 3143
-9.22047 -4.29279 38.6089

-1217.02 1160.04 3237.89
-1199.55 1152.31 3293
-17.4744 7.73679 -55.1118

-1159.28 1159.05 3259.07
-1199.55 1152.31 3293
40.2698 6.74393 -33.9344

-1088.93 1145.79 3244.48
-1067.76 1185.32 3231
-21.1715 -39.5238 13.4781

-1031.79 1144.81 3265.43
-1042.32 1163.15 3324
10.5307 -18.3423 -58.5655

-974.648 1143.83 3286.39
-986.147 1163.15 3324
11.4992 -19.3248 -37.609

-917.507 1142.85 3307.35
-921.301 1152.31 3293
3.79435 -9.45967 14.3473

-860.366 1141.86 3328.3
-882.476 1174.7 3357
22.1108 -32.8373 -28.6962

-812.812 1153.09 3386.13
-882.476 1174.7 3357
69.6646 -21.6084 29.1307

-755.068 1152.1 3407.31
-761.456 1163.15 3324
6.38782 -11.0538 83.3082

-925.404 1482.82 4443.78
-953.108 1495.81 4492
27.7036 -12.9884 -48.2181

-851.257 1481.55 4470.98
-877.196 1495.81 4492
25.9396 -14.2633 -21.0248

-777.109 1480.27 4498.17
-801.285 1495.81 4492
24.1758 -15.5382 6.16854

-702.962 1479 4525.36
-725.374 1495.81 4492
22.412 -16.8131 33.3619

-628.815 1477.72 4552.56
-657.993 1515.46 4551
29.1783 -37.7346 1.55514

-554.667 1476.45 4579.75
-510.934 1457.68 4612
-43.733 18.7678 -32.2515

-488.546 1495.6 4672.02
-438.816 1477.27 4674
-49.7296 18.3236 -1.9818

-406.373 1473.9 4634.14
-438.816 1477.27 4674
32.4433 -3.37795 -39.8649

-338.22 1493.01 4727.15
-359.829 1477.27 4674
21.6091 15.7389 53.1497

-263.058 1491.72 4754.72
-288.654 1518.36 4804
25.5957 -26.6415 -49.2848

-180.09 1450.35 4651.23
-199.178 1535.77 4612
19.0876 -85.4177 39.2295

-109.784 1468.8 4742.91
-126.286 1437.02 4804
16.5022 31.7752 -61.0917

39.401 1446.58 4731.73
115.654 1497.5 4738
-76.2533 -50.9254 -6.2728

112.658 1464.97 4824.49
118.925 1457.36 4872
-6.26678 7.60955 -47.5117

185.729 1444.06 4785.39
201.258 1457.36 4872
-15.5297 -13.3018 -86.6076

258.892 1442.8 4812.22
283.591 1457.36 4872
-24.6988 -14.5598 -59.775

335.101 1461.15 4906.07
371.182 1478.3 4942
-36.0811 -17.1543 -35.9318

405.22 1440.29 4865.89
365.924 1374.87 4872
39.2958 65.4165 -6.1098

483.395 1458.6 4960.45
461.23 1499.54 5013
22.165 -40.9422 -52.5451

563.731 1477.5 5057.94
545.946 1499.54 5013
17.7854 -22.0349 44.9376

646.322 1497.01 5158.37
649.532 1456.99 5163
-3.20997 40.0178 -4.62695

722.532 1495.7 5186.32
736.783 1456.99 5163
-14.2507 38.7075 23.3227

779.985 1453.5 5069.23
811.904 1521.68 5087
-31.9188 -68.1776 -17.7718

864.381 1472.34 5168.2
824.033 1456.99 5163
40.3478 15.3455 5.20012

939.544 1471.04 5195.77
925.228 1479.28 5242
14.3163 -8.2405 -46.2341

1002.43 1449.67 5150.81
998.534 1456.99 5163
3.89181 -7.31681 -12.192

-1758.54 1155.73 3209.8
-1668.37 1185.32 3231
-90.1692 -29.5922 -21.1964

-1698.26 1154.69 3231.91
-1668.37 1185.32 3231
-29.8869 -30.6287 0.911986

-1637.98 1153.65 3254.02
-1629.26 1141.46 3262
-8.72222 12.1941 -7.97961

-1577.7 1152.62 3276.13
-1574.13 1141.46 3262
-3.56496 11.1576 14.1288

-1517.41 1151.58 3298.24
-1519.01 1141.46 3262
1.59188 10.1211 36.2371

-1457.13 1150.54 3320.35
-1463.88 1141.46 3262
6.74914 9.0846 58.3455

-1396.85 1149.51 3342.45
-1366.49 1152.31 3293
-30.3548 -2.79969 49.4539

-1321.01 1135.9 3326.69
-1323.19 1163.15 3324
2.17899 -27.2546 2.68875

-1261.37 1134.87 3348.56
-1255.2 1152.31 3293
-6.17845 -17.4323 55.5586

-1216 1146.4 3408.78
-1166.13 1174.7 3357
-49.8721 -28.3044 51.7791

-1155.72 1145.36 3430.89
-1154.34 1163.15 3493
-1.37585 -17.7879 -62.1125

-1082.48 1131.8 3414.17
-1084.34 1151.49 3458
1.8608 -19.6956 -43.8319

-1022.85 1130.77 3436.04
-1025.9 1151.49 3458
3.05535 -20.721 -21.962

-963.215 1129.75 3457.91
-957.672 1139.84 3423
-5.54244 -10.0915 34.9078

-903.583 1128.72 3479.78
-918.228 1163.15 3493
14.645 -34.4264 -13.2223

-854.307 1140.18 3541.43
-859.199 1163.15 3493
4.89137 -22.9705 48.4294

-784.319 1126.67 3523.52
-859.199 1163.15 3493
74.88 -36.4771 30.5173

-926.789 1403.69 4443.85
-953.108 1419.75 4492
26.3184 -16.0576 -48.1508

-839.931 1383.59 4409.8
-865.87 1401.42 4434
25.9389 -17.8245 -24.1977

-778.495 1401.14 4498.24
-811.81 1438.4 4551
33.315 -37.2552 -52.7642

-693.603 1381.08 4463.47
-657.993 1361.34 4551
-35.6103 19.7372 -87.5324

-620.44 1379.82 4490.3
-657.993 1361.34 4551
37.5533 18.4792 -60.6999

-556.053 1397.32 4579.82
-510.934 1457.68 4612
-45.1182 -60.3597 -32.1842

-481.905 1396.04 4607.01
-432.995 1379.59 4612
-48.9102 16.4553 -4.99102

-400.948 1376.05 4570.8
-432.995 1379.59 4612
32.0468 -3.54172 -41.202

-333.611 1393.49 4661.4
-359.829 1318.99 4674
26.2186 74.4991 -12.6043

-259.463 1392.22 4688.59
-284.688 1417.28 4738
25.2244 -25.0599 -49.4111

-189.299 1410.22 4782.35
-207.47 1437.02 4804
18.1703 -26.8039 -21.651

-111.169 1389.67 4742.98
-126.286 1437.02 4804
15.117 -47.3523 -61.0245

-37.0214 1388.39 4770.17
-45.1021 1355.68 4804
8.08074 32.7136 -33.8311

37.1261 1387.12 4797.36
36.5925 1374.87 4872
0.533587 12.2493 -74.6377

111.198 1367.24 4758.63
117.265 1355.68 4804
-6.06756 11.5601 -45.3739

185.421 1384.57 4851.75
201.258 1374.87 4872
-15.8375 9.69944 -20.2511

259.568 1383.29 4878.94
201.258 1374.87 4872
58.3095 8.42454 6.9421

333.715 1382.02 4906.14
365.924 1374.87 4872
-32.2088 7.14963 34.1355

412.002 1399.88 5002.87
461.23 1414.66 5013
-49.2284 -14.7813 -10.1256

482.01 1379.47 4960.52
461.23 1414.66 5013
20.7799 -35.1901 -52.4779

562.327 1397.29 5058.01
554.005 1349.41 5087
8.32219 47.8839 -28.9943

630.304 1376.92 5014.91
639.971 1349.41 5087
-9.66652 27.5101 -72.0913

721.108 1414.37 5186.39
736.783 1456.99 5163
-15.6744 -42.6209 23.3918

787.815 1393.42 5140.7
824.033 1369.57 5163
-36.2185 23.8464 -22.2972

873.528 1411.75 5242.29
925.228 1479.28 5242
-51.7002 -67.5352 0.291171

938.14 1390.83 5195.83
911.284 1369.57 5163
26.8559 21.2617 32.8341

-1782.51 1141.34 3387.52
-1733.44 1174.7 3357
-49.075 -33.364 30.5157

-1678.13 1114.06 3330.12
-1693.19 1128.85 3390
15.0571 -14.7904 -59.878

-1656.39 1139.17 3433.77
-1651.82 1139.84 3423
-4.56976 -0.669993 10.7689

-1593.34 1138.08 3456.9
-1651.82 1139.84 3423
58.4887 -1.75424 33.8954

-1530.28 1137 3480.02
-1523.63 1115.07 3528
-6.64452 21.933 -47.9781

-1467.22 1135.92 3503.15
-1523.63 1115.07 3528
56.414 20.8488 -24.8516

-1404.16 1134.83 3526.27
-1433.85 1138.46 3602
29.6892 -3.62404 -75.725

-1357.84 1147.06 3592.16
-1387.46 1150.47 3640
29.6197 -3.40607 -47.8379

-1278.04 1132.66 3572.53
-1264.44 1150.47 3640
-13.6065 -17.8029 -67.472

-1214.98 1131.58 3595.65
-1202.92 1150.47 3640
-12.061 -18.8872 -44.3454

-1123.45 1104.52 3533.55
-1154.34 1163.15 3493
30.8899 -58.6261 40.5482

-1088.87 1129.41 3641.91
-1068.62 1138.46 3602
-20.2438 -9.04528 39.9077

-1025.81 1128.33 3665.03
-1018.38 1150.47 3640
-7.42487 -22.1399 25.0341

-962.75 1127.24 3688.16
-956.87 1150.47 3640
-5.87934 -23.2241 48.1607

-899.691 1126.16 3711.29
-895.357 1150.47 3640
-4.33377 -24.3084 71.2873

-914.462 1306.77 4383.04
-865.87 1251.27 4434
-48.5914 55.5076 -50.9639

-841.298 1305.52 4409.87
-865.87 1251.27 4434
24.5721 54.2496 -24.1314

-768.134 1304.26 4436.7
-725.374 1267.63 4492
-42.7601 36.624 -55.2987

-705.732 1320.74 4525.5
-734.901 1361.34 4551
29.169 -40.6007 -25.5036

-631.585 1319.47 4552.69
-657.993 1284.28 4551
26.4079 35.1815 1.68961

-548.643 1300.48 4517.2
-581.085 1284.28 4551
32.442 16.2004 -33.8009

-483.291 1316.92 4607.08
-510.934 1301.5 4612
27.6437 15.4176 -4.92379

-402.315 1297.97 4570.86
-432.995 1379.59 4612
30.68 -81.6197 -41.1357

-329.151 1296.71 4597.7
-359.829 1318.99 4674
30.6778 -22.2841 -76.3031

-260.849 1313.09 4688.66
-284.688 1337.06 4738
23.8392 -23.9641 -49.3438

-186.701 1311.82 4715.85
-201.855 1239.86 4674
15.1542 71.9614 41.8495

109.831 1289.16 4758.69
117.265 1355.68 4804
-7.43438 -66.5178 -45.3076

182.995 1287.9 4785.53
201.258 1292.38 4872
-18.2634 -4.47299 -86.4749

256.159 1286.65 4812.36
201.258 1292.38 4872
54.9003 -5.73099 -59.6424

332.33 1302.89 4906.2
371.182 1310.95 4942
-38.8515 -8.05429 -35.7973

398.559 1266.93 4799.74
360.817 1193 4804
37.7427 73.9276 -4.26359

475.65 1282.87 4892.86
448.257 1209.89 4872
27.3927 72.9871 20.8554

560.923 1317.08 5058.07
554.005 1349.41 5087
6.91803 -32.3272 -28.9261

628.919 1297.79 5014.98
630.661 1244.9 5013
-1.74221 52.8916 1.97592

711.248 1314.5 5113.21
725.937 1349.41 5087
-14.6893 -34.9119 26.2051

795.894 1331.73 5214.41
824.033 1369.57 5163
-28.1389 -37.8401 51.4107

851.362 1293.97 5096.56
824.033 1282.15 5163
27.3282 11.8166 -66.444

936.736 1310.62 5195.9
911.284 1282.15 5163
25.4517 28.4699 32.9022

-1899.18 1140.72 3603.57
-1840.84 1126.76 3565
-58.3448 13.9567 38.5675

-1808.84 1125.59 3582.48
-1840.84 1126.76 3565
31.9995 -1.17349 17.4789

-1742.74 1124.45 3606.72
-1762.11 1115.07 3528
19.3781 9.38423 78.7225

-1631.53 1136.12 3701.73
-1668.52 1112.17 3718
36.9878 23.95 -16.2713

-1564.62 1134.97 3726.27
-1623.39 1124.43 3759
58.7766 10.535 -32.731

-1497.7 1133.82 3750.81
-1496.35 1124.43 3759
-1.35803 9.38451 -8.19064

-1430.79 1132.66 3775.35
-1448.45 1136.69 3800
17.6593 -4.0303 -24.6503

-1363.88 1131.51 3799.89
-1369.3 1124.43 3759
5.42057 7.08345 40.89

-1296.96 1130.36 3824.43
-1320.02 1136.69 3800
23.0523 -6.33136 24.4303

-1213.9 1115.36 3800.67
-1191.58 1136.69 3800
-22.319 -21.3364 0.67118

-1147.8 1114.22 3824.91
-1191.58 1136.69 3800
43.7855 -22.473 24.9148

-1067.45 1099.53 3801.22
-1063.15 1136.69 3800
-4.29815 -37.1651 1.22422

-1015.59 1111.95 3873.4
-1063.15 1136.69 3800
47.5601 -24.7462 73.402

-962.396 1124.61 3947.13
-977.76 1121.74 3975
15.3636 2.87254 -27.8682

-946.747 1181.84 4182.52
-966.251 1190.31 4218
19.5045 -8.46938 -35.4825

-876.407 1180.63 4208.31
-894.971 1118.89 4218
18.5638 61.7399 -9.68542

-817.992 1195.07 4291.4
-833.844 1132.69 4270
15.8521 62.3818 21.4023

-757.927 1209.74 4376.16
-780.95 1235.46 4378
23.0231 -25.7212 -1.84138

-665.387 1177.01 4285.71
-632.98 1161.34 4378
-32.4063 15.6689 -92.2944

-604.212 1191.39 4369.81
-632.98 1161.34 4378
28.7687 30.0572 -8.19434

-532.951 1190.17 4395.94
-566.146 1176.19 4434
33.1944 13.9771 -38.0599

-454.367 1173.38 4363.1
-485.011 1161.34 4378
30.6441 12.0406 -14.9035

-390.431 1187.72 4448.21
-416.284 1176.19 4434
25.8524 11.5265 14.209

-324.75 1202.29 4535.02
-345.818 1191.58 4492
21.0678 10.7183 43.0249

-105.391 1182.82 4552.75
-119.635 1130.17 4551
14.2441 52.6463 1.7467

-34.1307 1181.59 4578.88
-43.2995 1145.32 4612
9.16883 36.2726 -33.1188

108.389 1179.14 4631.15
114.092 1160.72 4674
-5.70272 18.4254 -42.85

178.693 1162.49 4595.27
190.518 1145.32 4612
-11.8244 17.1731 -16.7305

250.91 1176.69 4683.42
275.791 1176.61 4738
-24.8815 0.0813957 -54.5811

530.394 1156.44 4724.25
523.184 1111.66 4804
7.20924 44.7866 -79.7455

613.799 1186.16 4879.23
612.923 1127.39 4872
0.875677 58.7637 7.23485

685.995 1184.92 4905.71
695.256 1127.39 4872
-9.26073 57.5223 33.7126

758.191 1183.67 4932.19
788.761 1143.59 4942
-30.5699 40.0828 -9.80963

830.387 1182.43 4958.67
788.761 1143.59 4942
41.6262 38.8415 16.668

902.583 1181.19 4985.15
872.277 1143.59 4942
30.3062 37.6001 43.1457

974.779 1179.95 5011.62
969.524 1160.02 5013
5.25499 19.9292 -1.37661

-2003.16 1124.92 3795.63
-1962.19 1136.69 3800
-40.9759 -11.7745 -4.3736

-1932.82 1123.71 3821.42
-1962.19 1136.69 3800
29.3643 -12.984 21.4234

-1862.48 1122.5 3847.22
-1830.07 1109.04 3930
-32.41 13.462 -82.7796

-1792.14 1121.29 3873.02
-1743.46 1096.34 3885
-48.6784 24.9515 -11.9826

-1721.8 1120.08 3898.81
-1743.46 1096.34 3885
21.6616 23.7421 13.8144

-1651.46 1118.87 3924.61
-1716.68 1121.74 3975
65.2163 -2.86522 -50.3886

-1581.12 1117.66 3950.41
-1582.33 1121.74 3975
1.20782 -4.07467 -24.5916

-1510.78 1116.45 3976.21
-1515.15 1121.74 3975
4.37349 -5.28411 1.2054

-1440.44 1115.24 4002
-1447.98 1121.74 3975
7.53904 -6.49356 27.0024

-1370.1 1114.04 4027.8
-1396.78 1134.72 4021
26.684 -20.6842 6.79942

-1299.76 1112.83 4053.6
-1328.83 1134.72 4021
29.0722 -21.8937 32.5964

-1212.56 1097.37 4026.03
-1179.28 1121.74 3975
-33.2775 -24.3711 51.0322

-1143.11 1096.17 4051.5
-1124.98 1134.72 4021
-18.1306 -38.5465 30.5033

-1088.74 1109.2 4130.99
-1165.83 1105.37 4167
77.0843 3.83238 -36.0126

-1018.4 1107.99 4156.78
-1037.53 1118.89 4218
19.1315 -10.9058 -61.2156

-961.844 1121.47 4239.2
-966.251 1118.89 4218
4.40791 2.57983 21.1981

-890.583 1120.25 4265.33
-894.971 1118.89 4218
4.38732 1.35456 47.3326

-807.381 1104.36 4234.18
-833.844 1132.69 4270
26.4633 -28.3279 -35.8247

-748.063 1117.8 4317.6
-771.139 1146.75 4323
23.0757 -28.9489 -5.3986

-676.803 1116.57 4343.74
-706.965 1161.34 4378
30.1623 -44.7639 -34.2641

-605.543 1115.35 4369.87
-632.98 1161.34 4378
27.4375 -45.9891 -8.12972

-542.687 1128.97 4455.66
-566.146 1101.12 4434
23.4587 27.8586 21.6572

-463.023 1112.9 4422.14
-491.215 1101.12 4434
28.192 11.7815 -11.8609

-398.295 1126.49 4508.61
-421.729 1115.52 4492
23.434 10.9724 16.6126

-320.502 1110.45 4474.41
-350.36 1130.17 4551
29.8577 -19.7242 -76.5919

-249.242 1109.22 4500.54
-273.452 1130.17 4551
24.2094 -20.9494 -50.4575

-177.982 1108 4526.68
-196.543 1130.17 4551
18.5612 -22.1747 -24.3231

-109.511 1121.53 4614.52
-119.635 1130.17 4551
10.1243 -8.64475 63.5234

-35.4619 1105.55 4578.95
-43.2995 1145.32 4612
7.83758 -39.7737 -33.0542

35.7982 1104.32 4605.08
35.1054 1081.58 4674
0.692795 22.744 -68.9197

107.058 1103.09 4631.21
114.092 1081.58 4674
-7.03397 21.5187 -42.7854

178.318 1101.87 4657.35
193.079 1081.58 4674
-14.7606 20.2934 -16.6509

249.578 1100.64 4683.48
193.079 1081.58 4674
56.4993 19.0682 9.48351

320.839 1099.42 4709.62
275.791 1096.39 4738
45.0475 3.03321 -28.382

463.359 1096.97 4761.89
442.001 1111.66 4804
21.358 -14.6899 -42.1132

534.619 1095.74 4788.02
523.184 1111.66 4804
11.4348 -15.9152 -15.9787

605.879 1094.52 4814.16
612.923 1127.39 4872
-7.04407 -32.8758 -57.8443

684.646 1107.87 4905.78
695.256 1127.39 4872
-10.6095 -19.5229 33.7781

765.572 1121.69 5000.32
800.093 1075.14 5013
-34.5212 46.5434 -12.6814

829.038 1105.39 4958.73
788.761 1143.59 4942
40.2774 -38.2037 16.7335

890.92 1089.62 4918.69
872.277 1143.59 4942
18.6427 -53.975 -23.3065

973.43 1102.91 5011.69
969.524 1075.14 5013
3.90624 27.7635 -1.31114

-2118.69 1107.58 4009.03
-2052.55 1121.74 3975
-66.1382 -14.1566 34.025

-2044.54 1106.31 4036.22
-2031.83 1079.1 4068
-12.7146 27.203 -31.7816

-1942.85 1090.15 4007.58
-1940.4 1066.64 4021
-2.45632 23.5169 -13.4212

-1896.25 1103.76 4090.61
-1917.15 1092.1 4117
20.9055 11.6551 -26.395

-1822.1 1102.48 4117.8
-1847.58 1092.1 4117
25.4789 10.3802 0.798306

-1747.95 1101.21 4144.99
-1799.6 1105.37 4167
51.6457 -4.15801 -22.0084

-1673.8 1099.93 4172.18
-1679.06 1118.89 4218
5.25677 -18.9616 -45.815

-1599.66 1098.66 4199.38
-1588.34 1105.37 4167
-11.3167 -6.70783 32.3783

-1525.51 1097.38 4226.57
-1536.5 1118.89 4218
10.9895 -21.5114 8.57157

-1451.36 1096.11 4253.76
-1393.94 1118.89 4218
-57.4246 -22.7863 35.7649

-1377.21 1094.83 4280.96
-1393.94 1118.89 4218
16.7225 -24.0612 62.9582

-1284.38 1078.83 4249.07
-1322.66 1118.89 4218
38.2747 -40.0627 31.0722

-1172.03 1106.17 4424.27
-1165.59 1101.12 4434
-6.43533 5.05911 -9.73199

-1064.89 1075.06 4329.57
-1002.9 1087.21 4378
-61.9856 -12.1515 -48.43

-1021.7 1103.59 4479.4
-1090.66 1101.12 4434
68.9588 2.47438 45.3993

-932.33 1087.18 4444.12
-940.801 1101.12 4434
8.4712 -13.9321 10.1181

-845.399 1071.28 4410.07
-854.935 1087.21 4378
9.53599 -15.9255 32.0677

-784.035 1084.63 4498.5
-790.939 1101.12 4434
6.90373 -16.482 64.5047

-709.888 1083.36 4525.7
-716.008 1101.12 4434
6.12013 -17.7569 91.6981

-645.892 1097.13 4617.23
-675.777 1081.58 4674
29.8851 15.5519 -56.7724

-570.729 1095.84 4644.79
-604.961 1096.39 4738
34.2326 -0.550211 -93.2066

-495.566 1094.54 4672.36
-524.893 1096.39 4738
29.3266 -1.84257 -65.641

-427.731 1108.71 4767.42
-444.825 1096.39 4738
17.0938 12.3256 29.4235

-345.241 1091.96 4727.49
-359.829 1081.58 4674
14.5883 10.3824 53.4904

-270.079 1090.67 4755.06
-280.842 1081.58 4674
10.7637 9.09002 81.056

-194.916 1089.37 4782.62
-126.286 1111.66 4804
-68.6301 -22.2846 -21.3783

-122.892 1103.47 4879.22
-126.286 1111.66 4804
3.39339 -8.18846 75.222

-44.5907 1086.79 4837.75
-126.286 1111.66 4804
81.6951 -24.8694 33.753

179.88 1068.06 4852.02
204.15 1059.91 4942
-24.27 8.14501 -89.9822

256.06 1081.62 4948.02
204.15 1059.91 4942
51.9096 21.7049 6.01559

334.365 1095.61 5046.92
376.514 1075.14 5013
-42.1489 20.4658 33.92

410.575 1094.3 5074.87
376.514 1075.14 5013
34.0609 19.1554 61.8697

486.785 1092.99 5102.82
461.23 1075.14 5013
25.5545 17.8451 89.8193

556.71 1076.45 5058.28
545.946 1075.14 5013
10.7646 1.30818 45.2783

631.872 1075.16 5085.84
630.661 1075.14 5013
1.211 0.0158184 72.8439

791.623 1087.75 5214.62
748.056 1035.5 5242
43.567 52.2468 -27.382

867.833 1086.43 5242.57
849.41 1051.3 5322
18.4224 35.1333 -79.4324

955.911 1100.72 5347.18
954.174 1067.89 5406
1.73632 32.8248 -58.8173

1033.2 1099.39 5375.53
1045.53 1067.89 5406
-12.3325 31.4959 -30.4721

-2169.29 1087.03 4276.07
-2159.19 1073.55 4323
-10.1006 13.4794 -46.9274

-2090.89 1085.68 4304.83
-2159.19 1073.55 4323
68.2982 12.1314 -18.1748

-2042.92 1100.15 4397.93
-2038.69 1087.21 4378
-4.23183 12.9419 19.9295

-1883.87 1097.42 4456.26
-1914.91 1101.12 4434
31.0336 -3.69947 22.2607

-1777.3 1080.29 4419.84
-1765.04 1101.12 4434
-12.2524 -20.8258 -14.1647

-1671.14 1109.7 4612.98
-1623.62 1081.58 4674
-47.5227 28.1224 -61.0189

-1486.25 1090.58 4602.09
-1465.65 1081.58 4674
-20.6003 9.00295 -71.9112

-1385.3 1073.55 4563.6
-1408.58 1115.52 4492
23.2737 -41.9693 71.598

-1348.35 1104.15 4731.37
-1325.58 1096.39 4738
-22.7685 7.76243 -6.63433

-1247.67 1086.48 4689.59
-1228.68 1081.58 4674
-18.9854 4.90081 15.5856

-1150.1 1069.51 4649.86
-1149.7 1081.58 4674
-0.406866 -12.0705 -24.1444

-1071.71 1068.16 4678.61
-1070.71 1081.58 4674
-0.995091 -13.4185 4.60808

-1009.09 1082.37 4777.08
-1005.3 1096.39 4738
-3.79121 -14.011 39.0825

-914.909 1065.46 4736.11
-925.235 1096.39 4738
10.3265 -30.9243 -1.88686

-836.51 1064.11 4764.87
-765.098 1096.39 4738
-71.4114 -32.2723 26.8657

-770.519 1078.27 4864.58
-798.041 1059.91 4942
27.5213 18.358 -77.4206

-611.469 1075.54 4922.91
-640.074 1075.14 5013
28.6052 0.39599 -90.0894

-531.944 1074.17 4952.08
-555.359 1075.14 5013
23.4145 -0.971384 -60.9239

-460.656 1088.88 5056.92
-477.59 1091.01 5087
16.9344 -2.12783 -30.0767

-379.957 1087.5 5086.52
-391.624 1091.01 5087
11.6673 -3.5154 -0.480512

-299.258 1086.11 5116.12
-219.691 1091.01 5087
-79.5664 -4.90296 29.1156

-213.843 1068.7 5068.74
-219.691 1091.01 5087
5.84807 -22.3119 -18.2614

-137.86 1083.33 5175.31
-133.725 1091.01 5087
-4.13442 -7.67808 88.3079

-54.7931 1065.97 5127.07
-133.725 1091.01 5087
78.9321 -25.0466 40.0698

24.7323 1064.6 5156.24
38.2074 1091.01 5087
-13.4751 -26.414 69.2355

104.237 1079.17 5264.1
127.957 1035.5 5242
-23.7195 43.6734 22.0963

184.937 1077.78 5293.69
219.847 1051.3 5322
-34.9107 26.4827 -28.3075

265.636 1076.4 5323.29
309.785 1051.3 5322
-44.1492 25.0952 1.2886

346.335 1075.01 5352.88
309.785 1051.3 5322
36.5499 23.7076 30.8848

422.358 1057.76 5302.06
399.723 1051.3 5322
22.6356 6.46016 -19.9364

501.883 1056.39 5331.23
497.389 1067.89 5406
4.49405 -11.5005 -74.7709

581.408 1055.03 5360.39
588.746 1067.89 5406
-7.33757 -12.8678 -45.6052

669.131 1069.46 5471.27
680.103 1067.89 5406
-10.9719 1.56409 65.2693

-2430.21 1083.25 4585.18
-2381.47 1067.23 4612
-48.7405 16.0168 -26.8177

-2345.79 1081.79 4616.15
-2381.47 1067.23 4612
35.6867 14.5652 4.14568

-2261.36 1080.34 4647.11
-2255.51 1081.58 4674
-5.84534 -1.23353 -26.891

-2142.62 1062.42 4605.56
-2176.53 1081.58 4674
33.9054 -19.153 -68.4378

-1923.65 1074.54 4770.96
-1886.06 1096.39 4738
-37.595 -21.8499 32.9626

-1839.22 1073.08 4801.93
-1805.99 1096.39 4738
-33.2365 -23.3015 63.9259

-1784.16 1088.81 4911.47
-1857.06 1044.9 4872
72.9038 43.9075 39.4686

-1585.94 1068.73 4894.82
-1549.68 1059.91 4942
-36.2599 8.81467 -47.184

-1526.88 1084.39 5005.82
-1487.23 1075.14 5013
-39.6507 9.24358 -7.17512

-1441.12 1082.91 5037.28
-1402.52 1075.14 5013
-38.607 7.769 24.2769

-1332.66 1064.37 4987.71
-1317.8 1075.14 5013
-14.8622 -10.7676 -25.2938

-1269.6 1079.96 5100.18
-1317.8 1075.14 5013
48.1969 4.81985 87.1812

-1079.38 1060.02 5080.6
-1063.65 1075.14 5013
-15.7282 -15.1226 67.5963

-994.954 1058.57 5111.56
-993.388 1091.01 5087
-1.5663 -32.4452 24.5596

-855.685 1089.71 5342.4
-872.968 1067.89 5406
17.2824 21.8198 -63.6038

-669.286 1069.64 5320.35
-679.528 1051.3 5322
10.2424 18.3379 -1.65425

-583.526 1068.16 5351.8
-499.653 1051.3 5322
-83.8733 16.8633 29.7977

-497.767 1066.69 5383.25
-499.653 1051.3 5322
1.88647 15.3888 61.2499

-420.145 1082.23 5502.13
-416.182 1067.89 5406
-3.96289 14.331 96.1293

-326.248 1063.74 5446.15
-324.825 1067.89 5406
-1.42217 -4.15365 40.154

-240.488 1062.27 5477.61
-233.468 1067.89 5406
-7.01976 -5.62822 71.6062

450.935 1067.25 5821.6
440.431 1059.08 5864
10.5042 8.16934 -42.4046

538.043 1065.75 5853.54
440.431 1059.08 5864
97.6121 6.67158 -10.458

617.108 1047.52 5792.13
628.061 1041.56 5767
-10.9523 5.96086 25.127

702.868 1046.05 5823.58
725.519 1041.56 5767
-22.6508 4.48629 56.5791

788.628 1044.57 5855.03
836.818 1059.08 5864
-48.1908 -14.5072 -8.96881

1147.8 1055.27 6077.17
1071.55 993.671 6071
76.2505 61.5952 6.16829

-2598.66 1059.56 4896.39
-2515.73 1044.9 4872
-82.9332 14.654 24.3872

-2508.68 1058.01 4929.39
-2468.36 1059.91 4942
-40.3239 -1.90606 -12.613

-2418.7 1056.46 4962.39
-2468.36 1059.91 4942
49.6554 -3.45319 20.3866

-2328.72 1054.91 4995.39
-2334.39 1075.14 5013
5.66524 -20.2276 -17.6137

-2148.76 1051.82 5061.39
-2110.95 1091.01 5087
-37.8153 -39.1928 -25.6144

-2132.05 1086.39 5271.76
-2208.47 1051.3 5322
76.4169 35.0863 -50.2362

-1946 1083.19 5340
-1969.25 1067.89 5406
23.2532 15.294 -66.0027

-1581.08 1025.36 5171.71
-1643.76 1035.5 5242
62.6764 -10.1411 -70.2864

-1546.12 1058.7 5383.46
-1603.82 1067.89 5406
57.707 -9.19092 -22.535

-1338.95 1037.9 5358.38
-1329.75 1067.89 5406
-9.19655 -29.9992 -47.6172

-1248.97 1036.35 5391.38
-1329.75 1067.89 5406
80.7826 -31.5464 -14.6177

-997.199 1049.27 5584.78
-1011.77 1024.4 5672
14.5754 24.8634 -87.2207

-722.739 1044.55 5685.44
-736.347 1041.56 5767
13.6077 2.98652 -81.5635

-631.253 1042.97 5718.99
-628.365 1024.4 5672
-2.88829 18.5712 46.9888

-539.766 1041.4 5752.54
-541.432 1041.56 5767
1.6652 -0.15957 -14.4588

-448.28 1039.83 5786.09
-443.974 1041.56 5767
-4.30583 -1.73262 19.0937

-364.571 1056 5919.98
-352.345 1059.08 5864
-12.2262 -3.08158 55.9817

-82.3344 1033.54 5920.3
-55.0539 1059.08 5864
-27.2805 -25.5437 56.3031

379.631 1043.2 6192.92
464.09 1011.35 6179
-84.4588 31.8533 13.9155

472.656 1041.6 6227.03
464.09 1011.35 6179
8.56661 30.2538 48.0323

565.682 1040 6261.15
568.51 1011.35 6179
-2.82855 28.6543 82.149

844.757 1035.2 6363.5
897.896 1029.84 6292
-53.1387 5.36061 71.4992

1236.19 1046.99 6615.56
1287.09 976.576 6655
-50.9026 70.4149 -39.438

-2849.81 1088.97 5588.02
-2881.31 1007.79 5580
31.5047 81.1841 8.01984

-2646.17 1047.77 5419.07
-2700.11 1067.89 5406
53.9385 -20.1199 13.0667

-2501.77 1027.51 5357.12
-2568.22 1051.3 5322
66.4518 -23.7869 35.1242

-2352.1 1042.72 5526.91
-2409.83 1007.79 5580
57.7219 34.9322 -53.0851

-2097.61 1056.94 5740.47
-2066.15 1024.4 5672
-31.4561 32.5406 68.4742

-1861.99 1034.29 5706.66
-1905.84 1041.56 5767
43.8468 -7.26846 -60.3381

-1798.16 1051.79 5850.29
-1739.7 1059.08 5864
-58.4588 -7.28478 -13.7053

-1665.95 1030.92 5778.56
-1640.6 1059.08 5864
-25.3435 -28.1582 -85.4394

-1567.93 1029.24 5814.51
-1516.01 1041.56 5767
-51.9171 -12.3247 47.5101

-1469.9 1027.55 5850.46
-1442.41 1059.08 5864
-27.4925 -31.5291 -13.5405

-1346.06 1007.64 5780.98
-1321.09 1041.56 5767
-24.9637 -33.9169 13.9768

-500.566 1029.48 6326.18
-590.721 1029.84 6292
90.1548 -0.360267 34.1836

-300.937 1026.05 6399.4
-276.741 1048.83 6408
-24.1953 -22.7791 -8.60279

-201.122 1024.33 6436
-276.741 1048.83 6408
75.6194 -24.4953 28.0039

-1.49164 1020.9 6509.22
-61.3066 958.233 6530
59.8149 62.6692 -20.7822

504.81 1031.29 6818.32
509.68 995.799 6786
-4.87025 35.4915 32.3166

597.398 1010.6 6728.86
624.358 995.799 6786
-26.9605 14.8055 -57.1413

797.027 1007.17 6802.07
853.714 995.799 6786
-56.6867 11.373 16.0723

896.843 1005.46 6838.68
853.714 995.799 6786
43.1285 9.65672 52.6792

996.658 1003.74 6875.29
968.392 995.799 6786
28.2658 7.94048 89.286

-2908.01 999.471 5697.28
-2832.97 1024.4 5672
-75.0442 -24.9309 25.2758

-2272.59 1026.35 6202.71
-2355.26 1011.35 6179
82.6606 15.0012 23.7072

-2164.94 1024.5 6242.19
-2146.41 1011.35 6179
-18.528 13.1502 63.1882

-1949.64 1020.8 6321.15
-1973.01 1029.84 6292
23.369 -9.04694 29.15

-1804.39 998.954 6235.03
-1866.68 1029.84 6292
62.2872 -30.8891 -56.9697

-1519.03 1013.39 6479.07
-1495.88 958.233 6530
-23.1531 55.1597 -50.9264

-227.214 991.18 6952.84
-181.963 1015.76 6922
-45.2508 -24.5754 30.8446

849.303 972.671 7347.65
802.092 956.06 7365
47.2103 16.6107 -17.3461

956.954 970.82 7387.13
926.555 956.06 7365
30.3991 14.7597 22.1348

1064.61 968.969 7426.62
1051.02 956.06 7365
13.5887 12.9087 61.6158

1387.56 963.416 7545.06
1328.18 976.83 7525
59.3772 -13.414 20.0585

-2127.18 984.628 6873.02
-2127.91 995.799 6786
0.734013 -11.1708 87.0228

-1699.74 937.927 6709.47
-1749.44 976.576 6655
49.6996 -38.6483 54.4709

-2839.1 909.474 6961.92
-2872.42 898.553 6922
33.3212 10.9203 39.9215

-2848.41 950.374 7339.52
-2931.79 956.06 7365
83.3758 -5.68534 -25.4803

-2337.53 941.59 7526.88
-2359.65 849.417 7525
22.112 92.1734 1.88251

-1907.55 913.372 7489.81
-1850.98 976.83 7525
-56.573 -63.458 -35.1874

-1826.66 932.806 7714.25
-1762.3 868.381 7693
-64.3585 64.4255 21.2452

-1443.5 926.218 7854.77
-1403.5 888.135 7868
-40.0007 38.0834 -13.2327

-1033.84 898.349 7810.24
-1004.61 888.135 7868
-29.2298 10.2141 -57.7554

727.73 888.885 8651.06
796.503 830.617 8657
-68.7729 58.2685 -5.94109

-1956.76 798.704 7667.52
-1892.3 738.123 7693
-64.458 60.5808 -25.4796

-1829.04 796.508 7714.36
-1892.3 738.123 7693
63.261 58.3848 21.361

-1445.88 789.92 7854.88
-1536.46 754.914 7868
90.5762 35.0058 -13.1169

342.186 759.176 8510.65
348.856 810.276 8445
-6.66996 -51.1004 65.6527

-2470.03 671.191 7480.27
-2486.81 722.004 7525
16.7867 -50.8135 -44.7266

-1065.11 647.034 7995.52
-1027.97 636.154 8051
-37.1376 10.8803 -55.479

-937.393 644.838 8042.36
-1027.97 636.154 8051
90.5814 8.68426 -8.63844

214.634 640.457 8670.32
211.317 684.037 8657
3.31693 -43.5806 13.3187

345.415 638.208 8718.28
357.614 684.037 8657
-12.199 -45.8292 61.2822

1233.84 607.506 8838.65
1267.07 551.241 8879
-33.2367 56.2651 -40.3467

-3456.14 529.254 6738.46
-3436.41 525.848 6655
-19.7307 3.40586 83.4642

-2344.69 532.697 7527.23
-2359.65 467.179 7525
14.954 65.5177 2.22994

-1961.53 526.109 7667.75
-1892.3 477.609 7693
-69.23 48.4995 -25.248

-3458.42 399.017 6738.57
-3436.41 413.167 6655
-22.0106 -14.1492 83.5749

-3241.11 411.772 7199.46
-3236.06 325.589 7211
-5.04876 86.1824 -11.5391

-2474.8 398.595 7480.5
-2486.81 467.179 7525
12.0147 -68.5839 -44.495

-2347.08 396.399 7527.35
-2359.65 467.179 7525
12.568 -70.78 2.34575

-1069.88 374.439 7995.75
-1027.97 363.517 8051
-41.9096 10.9222 -55.2474

-942.165 372.243 8042.59
-1027.97 363.517 8051
85.8094 8.72611 -8.40683

994.433 347.835 8958.34
966.976 400.902 8879
27.4572 -53.0677 79.3371

-3460.7 268.78 6738.69
-3504.05 306.4 6786
43.3533 -37.6196 -47.3145

-1838.59 251.317 7714.82
-1762.3 217.095 7693
-76.2885 34.222 21.8242

-3544.15 142.073 6895.4
-3574.28 195.338 6922
30.1214 -53.265 -26.5963

-3245.88 139.176 7199.69
-3236.06 81.3972 7211
-9.82078 57.7786 -11.3075

-1330.09 106.235 7902.3
-1270.53 88.8134 7868
-59.5601 17.4218 34.3029

330.256 77.6866 8511.23
348.856 95.3265 8445
-18.6 -17.6399 66.2317

-1299.79 -29.7574 7719.48
-1372.28 -43.4192 7693
72.4877 13.6618 26.4848

-550.896 -42.6341 7994.14
-483.753 -45.4397 8051
-67.1433 2.80564 -56.8593

-426.08 -44.7802 8039.92
-483.753 -45.4397 8051
57.6734 0.659509 -11.0832

-301.264 -46.9264 8085.69
-347.697 -45.4397 8051
46.4334 -1.48661 34.6926

-2995.22 -137.812 7293.61
-3056.25 -166.271 7365
61.0311 28.4595 -71.3945

-1845.74 -157.576 7715.17
-1762.3 -173.676 7693
-83.4465 16.1 22.1716

-1718.02 -159.772 7762.01
-1762.3 -173.676 7693
44.273 13.9039 69.0124

-1302.13 -162.957 7719.6
-1242.28 -173.676 7693
-59.8495 10.7192 26.598

-1177.31 -165.103 7765.37
-1242.28 -173.676 7693
64.9663 8.57309 72.3739

70.0455 -190.517 8417.78
63.4286 -190.653 8445
6.61692 0.136361 -27.218

708.642 -201.497 8651.99
796.503 -195.439 8657
-87.8609 -6.05778 -5.01462

-3253.04 -269.717 7200.04
-3236.06 -284.89 7211
-16.9788 15.173 -10.9601

-2997.6 -274.109 7293.72
-2992.34 -284.89 7211
-5.25994 10.7809 82.7214

-2178.17 -281.134 7399.28
-2185.01 -290.975 7365
6.83962 9.84092 34.2791

-2103.57 -289.482 7621.61
-2105.31 -297.296 7525
1.74323 7.81406 96.6061

-1464.97 -300.462 7855.81
-1403.5 -310.847 7868
-61.4748 10.385 -12.1905

-826.376 -311.442 8090.01
-891.919 -318.077 8051
65.5435 6.6347 39.013

-555.56 -309.033 7994.37
-619.808 -318.077 8051
64.2486 9.04358 -56.633

-3553.48 -390.726 6895.86
-3574.28 -390.675 6922
20.7943 -0.0507782 -26.1435

-3383.15 -403.819 7153.32
-3408.85 -398.69 7064
25.6994 -5.12946 89.3151

-3255.43 -406.015 7200.16
-3236.06 -406.986 7211
-19.3648 0.971128 -10.8443

-3127.71 -408.211 7247
-3114.2 -406.986 7211
-13.5057 -1.22491 35.9964

-2872.27 -412.603 7340.68
-2931.79 -415.678 7365
59.5157 3.07471 -24.3222

-2233.67 -423.584 7574.88
-2232.48 -424.708 7525
-1.19606 1.12484 49.8812

-1978.24 -427.976 7668.56
-2022.31 -434.19 7693
44.0735 6.21462 -24.4373

-828.762 -447.74 8090.13
-891.919 -454.396 8051
63.1574 6.65563 39.1288

565.455 -461.548 8406.46
491.569 -476.633 8445
73.8857 15.0847 -38.5357

703.87 -474.093 8652.22
796.503 -488.598 8657
-92.6329 14.5056 -4.783

1470.19 -487.269 8933.26
1417.12 -501.128 8879
53.0658 13.8589 54.2612

-3474.38 -512.643 6739.35
-3504.05 -497.9 6786
29.6738 -14.7431 -46.6505

-3002.38 -546.705 7293.95
-3056.25 -540.382 7365
53.8731 -6.32368 -71.047

-1309.12 -562.556 7719.94
-1242.28 -564.448 7693
-66.8449 1.89132 26.9375

-1184.3 -564.702 7765.71
-1242.28 -564.448 7693
57.971 -0.254804 72.7134

-3279.05 -631.256 6632.88
-3211.48 -600.97 6655
-67.5741 -30.2866 -22.1172

-3260.2 -678.611 7200.39
-3236.06 -651.178 7211
-24.1368 -27.4327 -10.6127

-705.814 -722.532 8137.2
-755.864 -727.033 8051
50.0495 4.50144 86.2012

-437.738 -710.779 8040.48
-483.753 -727.033 8051
46.0145 16.2545 -10.5173

810.424 -732.24 8498.24
776.997 -762.613 8445
33.4266 30.3728 53.2426

-3139.96 -727.686 6350.13
-3142.64 -674.725 6292
2.68009 -52.9614 58.1339

-1937.87 -818.225 7491.28
-1850.98 -806.946 7525
-86.886 -11.2789 -33.7161

-1602.24 -843.457 7809.43
-1536.46 -843.728 7868
-65.7754 0.270641 -58.568

-3063.54 -932.109 7079.41
-3050.72 -996.724 7064
-12.8241 64.6151 15.4131

-1860.06 -975.363 7715.87
-1892.3 -955.219 7693
32.2429 -20.1443 22.8665

-1690.56 -955.717 7582.95
-1723.81 -934.359 7525
33.2482 -21.3583 57.9491

-767.953 -724.526 5785.03
-833.805 -716.073 5767
65.8518 -8.45347 18.0331

-581.903 -727.725 5853.27
-649.635 -728.117 5864
67.7325 0.391783 -10.7335

-488.877 -729.324 5887.38
-459.294 -740.782 5966
-29.5833 11.4574 -78.6167

-395.852 -730.924 5921.5
-459.294 -740.782 5966
63.4417 9.85788 -44.5

-209.802 -734.123 5989.73
-257.653 -740.782 5966
47.8506 6.65888 23.7334

-116.777 -735.722 6023.85
-159.592 -753.819 6071
42.8155 18.0969 -47.1499

-23.7514 -737.322 6057.97
-56.9973 -753.819 6071
33.2459 16.4974 -13.0331

69.2736 -738.921 6092.08
148.193 -753.819 6071
-78.9192 14.8979 21.0836

162.299 -740.521 6126.2
148.193 -753.819 6071
14.1063 13.2984 55.2004

348.349 -743.72 6194.43
359.669 -767.229 6179
-11.32 23.5094 15.4338

441.375 -745.32 6228.55
472.577 -781.26 6292
-31.2021 35.9408 -63.4494

534.4 -746.919 6262.67
472.577 -781.26 6292
61.8231 34.3413 -29.3327

700.318 -726.102 6118.84
672.93 -767.229 6179
27.3883 41.1275 -60.1563

801.766 -739.558 6257.32
791.566 -781.26 6292
10.1996 41.7024 -34.6798

893.253 -741.131 6290.87
897.896 -781.26 6292
-4.6432 40.1294 -1.12735

984.739 -742.704 6324.42
1004.23 -781.26 6292
-19.4871 38.5563 32.4249

1076.23 -744.277 6357.98
1110.56 -781.26 6292
-34.3304 36.9833 65.9774

-3267.36 -1087.5 7200.73
-3236.06 -1139.56 7211
-31.2948 52.0577 -10.2652

-3139.64 -1089.7 7247.58
-3114.2 -1139.56 7211
-25.4357 49.8617 36.5754

-1568.08 -1091.06 7628.84
-1502.29 -1085.48 7693
-65.7938 -5.58698 -64.1619

-1286.77 -1071.36 7545.43
-1215.15 -1061.77 7525
-71.6274 -9.59076 20.4334

-1164.73 -1073.46 7590.19
-1215.15 -1061.77 7525
50.4123 -11.6891 65.1911

-769.691 -823.799 5785.12
-833.805 -813.719 5767
64.1139 -10.0806 18.1174

-676.666 -825.399 5819.23
-649.635 -827.405 5864
-27.0307 2.00653 -44.7659

-583.641 -826.998 5853.35
-550.539 -827.405 5864
-33.1022 0.407025 -10.6491

-490.615 -828.598 5887.47
-550.539 -827.405 5864
59.9232 -1.19248 23.4677

-304.565 -831.797 5955.7
-257.653 -841.798 5966
-46.9123 10.0007 -10.2989

-211.54 -833.396 5989.82
-257.653 -841.798 5966
46.1127 8.40117 23.8177

-118.515 -834.996 6023.93
-159.592 -856.613 6071
41.0776 21.617 -47.0655

-25.4892 -836.595 6058.05
-56.9973 -753.819 6071
31.508 -82.7761 -12.9487

67.5358 -838.195 6092.17
46.4091 -871.852 6179
21.1266 33.6567 -86.8321

160.561 -839.794 6126.28
150.829 -871.852 6179
9.73215 32.0572 -52.7153

434.111 -830.897 6123.19
464.09 -871.852 6179
-29.9784 40.9546 -55.8063

525.597 -832.47 6156.75
568.51 -871.852 6179
-42.9127 39.3815 -22.2541

617.084 -834.043 6190.3
568.51 -871.852 6179
48.574 37.8085 11.2984

708.57 -835.616 6223.85
685.236 -887.796 6292
23.3338 52.1797 -68.1494

800.057 -837.189 6257.4
791.566 -781.26 6292
8.49049 -55.929 -34.5969

891.544 -838.762 6290.96
897.896 -887.796 6292
-6.35232 49.0336 -1.04439

983.03 -840.335 6324.51
1004.23 -887.796 6292
-21.1962 47.4605 32.5078

1074.52 -841.908 6358.06
1110.56 -887.796 6292
-36.0395 45.8875 66.0603

-3269.75 -1223.8 7200.85
-3236.06 -1139.56 7211
-33.6808 -84.2401 -10.1494

-3142.03 -1226 7247.69
-3114.2 -1261.66 7211
-27.8217 35.6599 36.6912

-1411.09 -1199.5 7500.79
-1469.48 -1189.18 7525
58.3854 -10.317 -24.2139

-1167.01 -1203.7 7590.3
-1215.15 -1189.18 7525
48.1324 -14.5137 65.3017

-756.922 -908.079 5687.1
-736.347 -911.365 5767
-20.5747 3.28632 -79.9044

-678.404 -924.672 5819.32
-649.635 -926.694 5864
-28.7685 2.02177 -44.6816

132.642 -485.399 3041.69
127.521 -487.842 3087
5.12097 2.4433 -45.311

523.888 -930.102 6156.83
568.51 -871.852 6179
-44.6218 -58.2498 -22.1711

716.974 -948.665 6331.07
685.236 -887.796 6292
31.7381 -60.8691 39.0694

786.936 -919.695 6152.01
777.35 -871.852 6179
9.58562 -47.8435 -26.9933

889.834 -936.394 6291.04
897.896 -887.796 6292
-8.06144 -48.5978 -0.961438

981.32 -937.967 6324.59
1004.23 -887.796 6292
-22.9054 -50.1708 32.5908

1072.81 -939.54 6358.14
1110.56 -887.796 6292
-37.7486 -51.7439 66.1433

-1822.38 -1353.17 7537.51
-1850.98 -1316.6 7525
28.6028 -36.5738 12.5125

-1572.74 -1357.46 7629.06
-1502.29 -1345.99 7693
-70.4574 -11.4722 -63.9355

-1413.37 -1329.74 7500.9
-1342.31 -1316.6 7525
-71.061 -13.1416 -24.1032

38.3584 -525.538 2954.16
74.0354 -479.308 3033
-35.6769 -46.2296 -78.8415

85.0162 -521.988 2944.61
74.0354 -479.308 3033
10.9809 -42.6797 -88.3894

269.354 -525.157 3012.22
231.857 -487.842 3087
37.4966 -37.3156 -74.7842

-2025.85 -1449.48 7277.22
-2017.46 -1383.75 7211
-8.39197 -65.7291 66.2182

-1824.71 -1486.37 7537.63
-1850.98 -1444.01 7525
26.2711 -42.3609 12.6257

-1659.73 -1455.78 7411.49
-1687.16 -1538.01 7365
27.4262 82.231 46.4918

-1537.69 -1457.88 7456.25
-1596.65 -1444.01 7525
58.9517 -13.8677 -68.7505

-1415.65 -1459.97 7501.01
-1469.48 -1444.01 7525
53.8256 -15.9661 -23.9926

-1171.57 -1464.17 7590.52
-1215.15 -1444.01 7525
43.5726 -20.1628 65.5231

-596.223 -897.38 4581.77
-596.79 -896.917 4674
0.566607 -0.463661 -92.2345

-539.534 -923.187 4741.2
-596.79 -896.917 4674
57.2562 -26.2707 67.2014

-8.99088 -574.341 2937.15
-28.4752 -582.017 3033
19.4843 7.67577 -95.8462

83.9708 -575.94 2971.25
74.67 -535.212 3059
9.30077 -40.7279 -87.7527

130.452 -576.739 2988.29
74.67 -535.212 3059
55.7819 -41.5271 -70.7059

176.933 -577.538 3005.34
179.689 -592.379 3087
-2.7565 14.8412 -81.6592

409.337 -581.534 3090.57
399.054 -608.69 3172
10.2829 27.1563 -81.4256

-1702.22 -1621.72 7583.51
-1723.81 -1698.83 7525
21.5893 77.1184 58.5149

-1417.93 -1590.21 7501.12
-1342.31 -1571.42 7525
-75.6209 -18.7907 -23.8819

-410.035 -1050.23 5012.21
-385.927 -961.969 5013
-24.1077 -88.2602 -0.789788

313.716 -624.309 3029.2
286.601 -597.752 3115
27.1147 -26.5565 -85.7994

-2839.2 -1380.98 5486.31
-2835.36 -1332.61 5491
-3.84007 -48.3701 -4.6919

-3151.57 -1771.19 7248.15
-3114.2 -1750.04 7211
-37.3657 -21.1476 37.1545

-1829.37 -1752.77 7537.85
-1850.98 -1698.83 7525
21.6075 -53.9354 12.8521

-1704.56 -1754.92 7583.63
-1723.81 -1698.83 7525
19.2576 -56.0815 58.6281

-1420.21 -1720.45 7501.23
-1342.31 -1698.83 7525
-77.9008 -21.6153 -23.7713

543.276 -677.451 3113.75
510.891 -668.454 3201
32.3853 -8.9962 -87.2512

-1508.5 -1808.58 7290.56
-1562.7 -1787.42 7365
54.1987 -21.1656 -74.4368

-1389.12 -1810.63 7334.34
-1438.23 -1787.42 7365
49.1115 -23.2181 -30.6563

-1300.45 -1852.78 7546.1
-1342.31 -1826.25 7525
41.8597 -26.5382 21.0973

-162.337 -751.753 3019.62
-132.109 -794.185 3059
-30.2287 42.4322 -39.3774

-249.535 -896.243 3376.41
-260.98 -880.12 3390
11.4453 -16.123 -13.5949

-160.959 -796.851 2992.76
-132.109 -794.185 3059
-28.8503 -2.6662 -66.2372

-112.844 -797.679 3010.41
-132.109 -794.185 3059
19.2646 -3.49351 -48.5912

-61.753 -784.843 2972.6
-80.4139 -794.185 3059
18.6609 9.34204 -86.4044

-254.191 -963.779 3412.47
-260.98 -880.12 3390
6.78934 -83.6584 22.4679

-164.15 -855.326 3019.71
-132.109 -845.98 3059
-32.0418 -9.34668 -39.2894

-111.79 -841.615 2982.36
-132.109 -845.98 3059
20.3183 4.36458 -76.6437

-62.6361 -835.292 2972.64
-80.4139 -794.185 3059
17.7778 -41.1071 -86.3615

-167.534 -915.264 3048.73
-132.109 -897.774 3059
-35.4257 -17.4896 -10.2713

-112.681 -892.505 2982.4
-130.986 -941.498 3033
18.3045 48.9936 -50.6004

-252.578 -1070.09 3376.55
-255.899 -1144.39 3324
3.32094 74.3031 52.5528

-161.259 -942.574 2964.95
-130.986 -941.498 3033
-30.273 -1.07592 -68.0461

-111.676 -935.378 2955.39
-130.986 -941.498 3033
19.3093 6.12008 -77.6134

-607.305 -1530.4 4582.3
-596.79 -1530.03 4674
-10.5149 -0.366469 -91.6966

-257.265 -1139.4 3412.62
-255.899 -1144.39 3324
-1.36614 4.98986 88.6171

-171.858 -1028.88 3077.79
-133.318 -1010.53 3087
-38.5402 -18.3548 -9.20752

-122.442 -1029.73 3095.92
-133.318 -1010.53 3087
10.8756 -19.2045 8.91559

-618.47 -1631.34 4647.11
-604.961 -1631.21 4738
-13.5089 -0.13149 -90.8894

-339.908 -1272.44 3618.67
-331.224 -1274.36 3528
-8.6841 1.92337 90.675

-251.135 -1174.71 3342.69
-255.899 -1144.39 3324
4.76452 -30.3217 18.6937

-167.777 -1062.47 3019.89
-133.318 -1062.8 3087
-34.4589 0.32502 -67.1134

-252.139 -1232.1 3342.74
-253.512 -1245.23 3293
1.37329 13.1289 49.7425

-337.343 -1382.37 3578.87
-331.224 -1393.83 3528
-6.11903 11.4622 50.875

-246.16 -1264.71 3274.87
-253.512 -1245.23 3293
7.35285 -19.4799 -18.1257

-169.59 -1166.05 3019.97
-132.109 -1208.54 3059
-37.4813 42.4957 -39.0254

-117.135 -1146.95 2982.62
-80.4139 -1156.75 3059
-36.7216 9.79586 -76.3842

-329.274 -1414.58 3502.18
-331.224 -1393.83 3528
1.95086 -20.7504 -25.8158

-168.15 -1207.62 2993.11
-132.109 -1208.54 3059
-36.0412 0.918593 -65.8882

-118.026 -1197.84 2982.66
-132.109 -1208.54 3059
14.0822 10.701 -76.341

-255.153 -1404.28 3342.89
-251.126 -1399.21 3262
-4.02724 -5.06901 80.8888

395.553 -1216.05 3063.5
395.406 -1241.73 3143
0.147459 25.6798 -79.4954

-252.636 -1447.6 3308.98
-251.126 -1399.21 3262
-1.51043 -48.3927 46.9777

438.007 -1255.7 3053.79
395.406 -1241.73 3143
42.6017 -13.9703 -89.2053

